1회차 로또번호: 8 13 39 41 44 45 
한번에 생성한 로또 숫자 조합: 1개
---------------------------------------
1회차 로또번호: 3 11 12 29 32 40 
2회차 로또번호: 9 13 27 31 42 43 
3회차 로또번호: 2 9 11 13 24 45 
4회차 로또번호: 9 15 25 37 38 40 
5회차 로또번호: 6 9 20 22 28 36 
6회차 로또번호: 5 13 27 28 32 35 
7회차 로또번호: 5 23 34 36 37 38 
8회차 로또번호: 4 5 25 27 41 42 
9회차 로또번호: 13 17 18 23 42 43 
10회차 로또번호: 11 19 22 29 41 42 
11회차 로또번호: 4 6 7 8 16 26 
12회차 로또번호: 2 7 31 32 37 41 
13회차 로또번호: 3 9 24 25 30 31 
14회차 로또번호: 6 15 16 20 23 30 
15회차 로또번호: 17 21 30 31 36 43 
16회차 로또번호: 2 10 26 30 33 44 
17회차 로또번호: 8 11 20 27 39 45 
18회차 로또번호: 14 15 20 22 24 37 
19회차 로또번호: 9 18 24 25 29 32 
20회차 로또번호: 8 17 21 34 38 39 
21회차 로또번호: 4 7 10 15 31 35 
22회차 로또번호: 6 8 12 16 20 32 
23회차 로또번호: 4 7 32 38 41 42 
24회차 로또번호: 20 25 36 38 39 41 
25회차 로또번호: 1 2 6 10 18 21 
26회차 로또번호: 3 12 24 29 34 35 
27회차 로또번호: 11 27 28 30 31 42 
28회차 로또번호: 4 25 28 29 31 42 
29회차 로또번호: 2 13 14 24 31 39 
30회차 로또번호: 1 7 13 14 24 44 
한번에 생성한 로또 숫자 조합: 30개
---------------------------------------
1회차 로또번호: 4 10 14 29 38 43 
2회차 로또번호: 12 14 19 27 34 45 
3회차 로또번호: 3 9 11 20 22 25 
4회차 로또번호: 1 17 18 23 33 42 
5회차 로또번호: 4 7 24 26 39 41 
6회차 로또번호: 5 7 30 32 36 43 
7회차 로또번호: 31 32 37 40 42 43 
8회차 로또번호: 3 5 8 16 23 39 
9회차 로또번호: 5 10 13 23 27 36 
10회차 로또번호: 3 10 14 16 22 32 
11회차 로또번호: 1 5 6 18 30 34 
12회차 로또번호: 2 10 24 26 33 37 
13회차 로또번호: 3 9 21 25 42 43 
14회차 로또번호: 6 17 20 27 29 34 
15회차 로또번호: 14 16 19 20 37 41 
16회차 로또번호: 9 12 15 33 42 45 
17회차 로또번호: 3 4 6 18 20 39 
18회차 로또번호: 10 11 12 14 17 42 
19회차 로또번호: 4 5 13 20 26 41 
20회차 로또번호: 12 15 18 24 27 41 
21회차 로또번호: 5 11 27 36 37 44 
22회차 로또번호: 5 12 16 30 35 39 
23회차 로또번호: 1 6 8 26 34 37 
24회차 로또번호: 9 11 15 31 43 44 
25회차 로또번호: 10 14 29 33 35 37 
26회차 로또번호: 4 6 13 16 42 44 
27회차 로또번호: 13 18 31 35 38 41 
28회차 로또번호: 4 13 14 41 43 44 
29회차 로또번호: 14 20 22 39 40 42 
30회차 로또번호: 9 15 16 19 20 39 
31회차 로또번호: 11 21 24 32 34 45 
32회차 로또번호: 4 5 9 17 30 44 
33회차 로또번호: 9 11 27 36 43 45 
34회차 로또번호: 6 17 21 29 30 31 
35회차 로또번호: 6 10 25 34 35 43 
36회차 로또번호: 13 18 32 33 39 43 
37회차 로또번호: 10 19 24 28 38 41 
38회차 로또번호: 14 16 32 36 37 41 
39회차 로또번호: 9 22 27 32 44 45 
40회차 로또번호: 5 6 7 12 19 30 
41회차 로또번호: 19 25 27 30 39 40 
42회차 로또번호: 10 13 19 21 26 30 
43회차 로또번호: 8 9 25 30 39 42 
44회차 로또번호: 5 7 12 27 31 44 
45회차 로또번호: 6 9 10 19 21 40 
46회차 로또번호: 3 8 19 30 35 44 
47회차 로또번호: 7 26 28 29 31 38 
48회차 로또번호: 10 11 18 23 24 35 
49회차 로또번호: 3 4 27 34 41 45 
50회차 로또번호: 2 15 16 26 28 31 
51회차 로또번호: 3 7 9 17 24 41 
52회차 로또번호: 10 13 15 18 29 39 
53회차 로또번호: 7 11 26 32 33 34 
54회차 로또번호: 19 21 23 28 41 43 
55회차 로또번호: 3 8 14 22 25 44 
56회차 로또번호: 4 7 8 18 42 45 
57회차 로또번호: 6 17 18 33 36 42 
58회차 로또번호: 3 7 9 11 33 39 
59회차 로또번호: 15 18 19 22 24 33 
60회차 로또번호: 6 20 22 25 28 45 
61회차 로또번호: 14 18 24 27 41 42 
62회차 로또번호: 6 7 13 25 33 40 
63회차 로또번호: 2 3 14 20 21 29 
64회차 로또번호: 3 13 14 29 33 37 
65회차 로또번호: 4 16 32 33 38 40 
66회차 로또번호: 2 7 10 31 33 42 
67회차 로또번호: 26 29 30 33 34 35 
68회차 로또번호: 2 23 26 29 43 45 
69회차 로또번호: 5 6 13 16 21 23 
70회차 로또번호: 5 7 9 21 24 32 
71회차 로또번호: 15 21 29 33 43 45 
72회차 로또번호: 3 25 32 37 39 43 
73회차 로또번호: 6 7 12 25 28 34 
74회차 로또번호: 2 5 14 18 24 44 
75회차 로또번호: 12 24 26 29 31 35 
76회차 로또번호: 11 16 23 35 38 41 
77회차 로또번호: 1 8 34 41 42 44 
78회차 로또번호: 12 28 35 36 40 42 
79회차 로또번호: 5 9 17 22 30 39 
80회차 로또번호: 7 16 27 29 38 45 
81회차 로또번호: 12 33 37 41 43 44 
82회차 로또번호: 27 28 30 32 35 44 
83회차 로또번호: 1 25 33 34 42 44 
84회차 로또번호: 9 11 19 20 21 41 
85회차 로또번호: 11 14 20 23 28 41 
86회차 로또번호: 12 15 35 38 41 43 
87회차 로또번호: 7 14 15 36 42 45 
88회차 로또번호: 9 11 25 31 43 44 
89회차 로또번호: 2 4 9 12 33 42 
90회차 로또번호: 3 7 9 12 33 38 
91회차 로또번호: 2 19 20 28 32 37 
92회차 로또번호: 1 5 8 15 20 38 
93회차 로또번호: 2 4 11 16 26 38 
94회차 로또번호: 10 11 13 20 42 45 
95회차 로또번호: 6 8 9 24 31 45 
96회차 로또번호: 2 3 8 25 26 33 
97회차 로또번호: 4 5 6 13 17 33 
98회차 로또번호: 3 13 14 22 32 34 
99회차 로또번호: 11 12 17 21 32 34 
100회차 로또번호: 12 13 25 29 32 35 
한번에 생성한 로또 숫자 조합: 100개
---------------------------------------
101회차 로또번호: 9 15 19 35 44 45 
102회차 로또번호: 6 14 17 20 35 40 
103회차 로또번호: 5 7 27 30 33 35 
104회차 로또번호: 6 9 14 26 41 42 
105회차 로또번호: 2 10 14 21 26 37 
106회차 로또번호: 11 18 26 28 32 43 
107회차 로또번호: 5 16 29 31 34 42 
108회차 로또번호: 4 11 16 18 26 38 
109회차 로또번호: 4 12 13 28 33 39 
110회차 로또번호: 14 30 31 35 44 45 
111회차 로또번호: 2 3 11 25 40 44 
112회차 로또번호: 8 12 14 17 29 34 
113회차 로또번호: 3 15 23 29 41 44 
114회차 로또번호: 2 4 5 13 14 22 
115회차 로또번호: 6 20 22 30 31 40 
116회차 로또번호: 2 10 14 19 30 33 
117회차 로또번호: 12 29 31 32 40 45 
118회차 로또번호: 3 21 30 33 39 41 
119회차 로또번호: 1 4 22 28 30 40 
120회차 로또번호: 1 16 27 28 35 41 
121회차 로또번호: 8 16 18 27 29 36 
122회차 로또번호: 15 19 22 25 26 39 
123회차 로또번호: 6 7 13 16 42 44 
124회차 로또번호: 10 14 18 25 27 31 
125회차 로또번호: 2 17 20 24 30 31 
126회차 로또번호: 2 7 15 27 31 44 
127회차 로또번호: 2 11 16 29 31 41 
128회차 로또번호: 4 13 15 26 29 43 
129회차 로또번호: 8 9 10 16 22 39 
130회차 로또번호: 1 4 20 23 25 45 
131회차 로또번호: 6 8 26 34 43 44 
132회차 로또번호: 10 15 27 31 32 34 
133회차 로또번호: 10 13 14 16 34 38 
134회차 로또번호: 3 10 17 18 20 42 
135회차 로또번호: 4 6 35 36 38 45 
136회차 로또번호: 5 7 16 22 29 31 
137회차 로또번호: 13 31 32 33 39 42 
138회차 로또번호: 5 17 18 25 39 45 
139회차 로또번호: 4 5 22 29 40 44 
140회차 로또번호: 4 9 16 33 40 44 
141회차 로또번호: 4 7 20 30 34 42 
142회차 로또번호: 1 10 19 20 31 40 
143회차 로또번호: 10 17 18 29 40 43 
144회차 로또번호: 2 8 18 25 28 29 
145회차 로또번호: 1 15 21 31 37 45 
146회차 로또번호: 16 22 27 32 34 39 
147회차 로또번호: 9 25 27 30 34 43 
148회차 로또번호: 2 5 9 18 32 41 
149회차 로또번호: 2 6 12 14 24 34 
150회차 로또번호: 12 16 26 29 39 41 
151회차 로또번호: 1 8 13 21 31 43 
152회차 로또번호: 3 4 11 15 39 40 
153회차 로또번호: 5 7 12 17 20 37 
154회차 로또번호: 2 9 12 40 41 44 
155회차 로또번호: 3 8 11 21 25 28 
156회차 로또번호: 12 19 22 27 33 36 
157회차 로또번호: 3 12 19 23 41 43 
158회차 로또번호: 5 9 11 12 14 23 
159회차 로또번호: 4 8 19 20 41 42 
160회차 로또번호: 5 9 11 15 23 27 
161회차 로또번호: 1 7 24 31 33 39 
162회차 로또번호: 13 28 29 33 38 45 
163회차 로또번호: 3 9 16 23 25 38 
164회차 로또번호: 16 17 28 34 38 43 
165회차 로또번호: 2 3 13 16 25 31 
166회차 로또번호: 5 6 10 15 16 27 
167회차 로또번호: 6 8 14 27 31 39 
168회차 로또번호: 2 5 22 25 27 40 
169회차 로또번호: 21 23 25 31 38 39 
170회차 로또번호: 8 10 11 24 32 41 
171회차 로또번호: 7 11 25 29 30 34 
172회차 로또번호: 2 10 22 23 25 33 
173회차 로또번호: 4 6 9 25 28 37 
174회차 로또번호: 2 15 24 27 36 44 
175회차 로또번호: 1 17 20 33 39 44 
176회차 로또번호: 5 10 23 25 33 40 
177회차 로또번호: 11 18 23 34 41 43 
178회차 로또번호: 22 23 31 37 40 45 
179회차 로또번호: 6 11 24 33 36 44 
180회차 로또번호: 18 19 34 36 38 43 
181회차 로또번호: 1 17 33 35 37 40 
182회차 로또번호: 3 16 22 26 27 33 
183회차 로또번호: 2 7 11 22 33 43 
184회차 로또번호: 1 5 23 28 29 30 
185회차 로또번호: 1 3 18 37 38 41 
186회차 로또번호: 7 10 21 32 36 44 
187회차 로또번호: 6 8 15 17 31 38 
188회차 로또번호: 1 4 16 38 42 43 
189회차 로또번호: 5 15 16 24 25 42 
190회차 로또번호: 12 23 25 36 37 40 
191회차 로또번호: 7 12 14 32 42 43 
192회차 로또번호: 3 15 27 32 33 38 
193회차 로또번호: 5 12 25 26 36 45 
194회차 로또번호: 5 8 9 15 16 32 
195회차 로또번호: 11 17 20 25 34 42 
196회차 로또번호: 5 16 19 26 39 43 
197회차 로또번호: 14 33 34 37 39 42 
198회차 로또번호: 9 17 18 28 31 38 
199회차 로또번호: 13 24 31 32 34 35 
200회차 로또번호: 3 6 14 34 42 44 
201회차 로또번호: 7 9 22 33 36 43 
202회차 로또번호: 1 7 17 20 24 38 
203회차 로또번호: 3 4 12 16 25 26 
204회차 로또번호: 17 20 21 25 26 31 
205회차 로또번호: 1 6 8 16 31 39 
206회차 로또번호: 7 20 26 29 32 45 
207회차 로또번호: 29 32 36 40 41 44 
208회차 로또번호: 2 8 39 40 41 44 
209회차 로또번호: 15 25 38 39 40 45 
210회차 로또번호: 6 14 19 26 32 34 
211회차 로또번호: 5 9 23 26 27 30 
212회차 로또번호: 10 11 17 24 37 38 
213회차 로또번호: 1 9 18 27 34 40 
214회차 로또번호: 1 2 3 18 36 37 
215회차 로또번호: 1 10 13 22 23 37 
216회차 로또번호: 3 19 24 35 43 44 
217회차 로또번호: 4 8 10 42 43 44 
218회차 로또번호: 3 5 13 19 25 41 
219회차 로또번호: 7 14 23 32 38 43 
220회차 로또번호: 15 16 17 31 35 42 
221회차 로또번호: 21 25 28 34 39 41 
222회차 로또번호: 2 8 11 16 20 35 
223회차 로또번호: 2 6 18 36 38 40 
224회차 로또번호: 1 5 13 20 24 42 
225회차 로또번호: 13 30 32 34 35 42 
226회차 로또번호: 8 10 27 32 33 35 
227회차 로또번호: 2 5 9 11 17 33 
228회차 로또번호: 3 20 21 22 27 28 
229회차 로또번호: 2 4 10 15 24 30 
230회차 로또번호: 10 12 21 22 29 35 
231회차 로또번호: 8 9 12 16 24 43 
232회차 로또번호: 11 19 21 37 44 45 
233회차 로또번호: 11 22 28 34 40 45 
234회차 로또번호: 6 15 23 28 33 43 
235회차 로또번호: 1 8 10 23 27 28 
236회차 로또번호: 1 6 7 12 13 34 
237회차 로또번호: 6 11 13 23 34 44 
238회차 로또번호: 6 8 16 28 40 42 
239회차 로또번호: 3 14 24 25 26 29 
240회차 로또번호: 9 20 23 28 33 44 
241회차 로또번호: 8 16 21 23 32 35 
242회차 로또번호: 4 19 38 39 42 43 
243회차 로또번호: 17 26 27 34 40 43 
244회차 로또번호: 2 7 19 21 31 40 
245회차 로또번호: 5 20 26 28 30 41 
246회차 로또번호: 8 16 28 34 37 40 
247회차 로또번호: 6 9 20 21 26 36 
248회차 로또번호: 19 20 22 23 24 35 
249회차 로또번호: 5 10 19 22 26 39 
250회차 로또번호: 7 17 20 24 31 43 
251회차 로또번호: 2 6 10 27 29 38 
252회차 로또번호: 6 19 29 35 39 40 
253회차 로또번호: 4 8 9 16 37 39 
254회차 로또번호: 2 11 12 24 31 44 
255회차 로또번호: 9 24 28 29 30 35 
256회차 로또번호: 7 11 13 18 25 33 
257회차 로또번호: 11 21 22 31 32 42 
258회차 로또번호: 3 9 20 26 31 36 
259회차 로또번호: 19 20 28 29 37 41 
260회차 로또번호: 4 7 26 29 31 37 
261회차 로또번호: 7 8 10 23 27 38 
262회차 로또번호: 7 13 17 23 33 42 
263회차 로또번호: 8 25 31 34 35 36 
264회차 로또번호: 2 4 8 9 13 19 
265회차 로또번호: 15 17 19 27 41 44 
266회차 로또번호: 4 17 24 29 34 38 
267회차 로또번호: 7 10 15 32 34 43 
268회차 로또번호: 3 7 10 11 15 38 
269회차 로또번호: 8 11 21 26 28 44 
270회차 로또번호: 6 7 8 16 17 37 
271회차 로또번호: 1 6 20 32 39 44 
272회차 로또번호: 1 5 9 33 35 40 
273회차 로또번호: 6 11 15 26 29 40 
274회차 로또번호: 7 13 16 23 34 35 
275회차 로또번호: 18 27 32 36 39 45 
276회차 로또번호: 8 23 35 36 38 44 
277회차 로또번호: 2 4 10 16 38 40 
278회차 로또번호: 3 8 20 26 38 41 
279회차 로또번호: 14 20 31 36 43 44 
280회차 로또번호: 10 11 20 34 37 44 
281회차 로또번호: 2 17 22 24 39 45 
282회차 로또번호: 10 13 15 17 23 33 
283회차 로또번호: 17 25 31 35 37 38 
284회차 로또번호: 3 9 18 32 35 41 
285회차 로또번호: 3 4 8 10 25 33 
286회차 로또번호: 2 12 16 28 32 36 
287회차 로또번호: 6 14 21 25 26 28 
288회차 로또번호: 3 9 10 30 34 40 
289회차 로또번호: 1 14 16 23 32 34 
290회차 로또번호: 8 10 17 38 40 41 
291회차 로또번호: 3 12 20 25 29 36 
292회차 로또번호: 9 12 13 25 34 40 
293회차 로또번호: 5 13 17 18 21 23 
294회차 로또번호: 5 6 7 16 22 44 
295회차 로또번호: 6 12 13 15 19 24 
296회차 로또번호: 8 21 26 27 32 35 
297회차 로또번호: 7 12 18 31 41 44 
298회차 로또번호: 8 17 19 25 34 37 
299회차 로또번호: 5 6 24 27 32 38 
300회차 로또번호: 17 21 22 25 31 39 
301회차 로또번호: 8 14 26 27 41 42 
302회차 로또번호: 19 22 24 37 41 44 
303회차 로또번호: 15 19 22 25 39 42 
304회차 로또번호: 1 10 13 23 24 37 
305회차 로또번호: 8 10 18 22 24 29 
306회차 로또번호: 3 6 8 29 30 32 
307회차 로또번호: 8 13 26 35 36 41 
308회차 로또번호: 10 14 21 30 31 36 
309회차 로또번호: 1 3 13 26 27 30 
310회차 로또번호: 5 15 18 24 40 41 
311회차 로또번호: 4 21 24 26 36 44 
312회차 로또번호: 2 14 26 33 37 45 
313회차 로또번호: 5 6 7 24 33 44 
314회차 로또번호: 2 5 9 16 29 42 
315회차 로또번호: 1 19 22 23 28 31 
316회차 로또번호: 22 24 27 42 43 44 
317회차 로또번호: 6 12 15 29 33 36 
318회차 로또번호: 10 18 21 30 33 41 
319회차 로또번호: 14 18 26 29 40 43 
320회차 로또번호: 18 22 26 40 41 45 
321회차 로또번호: 7 9 26 28 35 41 
322회차 로또번호: 5 6 12 29 30 33 
323회차 로또번호: 2 17 21 28 35 39 
324회차 로또번호: 7 8 12 13 38 45 
325회차 로또번호: 4 7 9 21 23 42 
326회차 로또번호: 18 20 31 33 39 41 
327회차 로또번호: 6 10 12 24 30 40 
328회차 로또번호: 1 7 8 12 21 38 
329회차 로또번호: 5 10 11 25 34 45 
330회차 로또번호: 7 9 19 23 36 44 
331회차 로또번호: 1 5 6 9 13 40 
332회차 로또번호: 6 9 21 29 41 42 
333회차 로또번호: 1 9 20 26 31 43 
334회차 로또번호: 1 9 12 16 23 31 
335회차 로또번호: 2 11 16 23 24 35 
336회차 로또번호: 4 23 27 32 41 42 
337회차 로또번호: 10 11 12 14 20 32 
338회차 로또번호: 2 3 5 10 37 44 
339회차 로또번호: 4 5 19 25 31 33 
340회차 로또번호: 2 30 33 39 41 45 
341회차 로또번호: 8 13 26 37 40 41 
342회차 로또번호: 14 26 27 32 35 43 
343회차 로또번호: 13 21 25 33 35 41 
344회차 로또번호: 1 8 19 27 41 44 
345회차 로또번호: 2 8 9 12 17 24 
346회차 로또번호: 7 11 13 25 28 39 
347회차 로또번호: 6 10 12 27 37 45 
348회차 로또번호: 7 20 22 35 39 45 
349회차 로또번호: 8 13 20 24 27 36 
350회차 로또번호: 21 28 34 37 43 45 
351회차 로또번호: 8 34 35 39 40 45 
352회차 로또번호: 4 5 6 20 34 41 
353회차 로또번호: 9 18 20 24 26 29 
354회차 로또번호: 2 12 27 29 32 43 
355회차 로또번호: 2 13 19 20 21 35 
356회차 로또번호: 9 14 30 35 41 44 
357회차 로또번호: 1 6 18 22 23 30 
358회차 로또번호: 6 8 20 22 29 33 
359회차 로또번호: 8 9 19 27 40 44 
360회차 로또번호: 11 16 27 29 36 45 
361회차 로또번호: 5 18 19 32 37 44 
362회차 로또번호: 1 6 9 13 21 33 
363회차 로또번호: 1 4 5 15 32 42 
364회차 로또번호: 10 13 17 18 42 45 
365회차 로또번호: 2 10 22 28 33 39 
366회차 로또번호: 11 13 15 33 34 45 
367회차 로또번호: 4 28 33 34 36 41 
368회차 로또번호: 5 8 18 29 33 38 
369회차 로또번호: 10 21 27 35 42 43 
370회차 로또번호: 1 3 22 32 36 37 
371회차 로또번호: 1 10 18 25 38 44 
372회차 로또번호: 11 25 26 27 32 33 
373회차 로또번호: 5 20 24 25 27 35 
374회차 로또번호: 1 3 11 14 21 25 
375회차 로또번호: 5 7 26 37 38 45 
376회차 로또번호: 17 20 23 31 40 45 
377회차 로또번호: 11 13 18 32 35 39 
378회차 로또번호: 10 12 22 29 38 43 
379회차 로또번호: 10 14 18 23 38 45 
380회차 로또번호: 8 18 19 34 38 43 
381회차 로또번호: 2 7 23 36 38 45 
382회차 로또번호: 3 10 23 39 40 41 
383회차 로또번호: 7 8 25 42 43 44 
384회차 로또번호: 6 15 20 23 26 30 
385회차 로또번호: 11 20 24 27 40 41 
386회차 로또번호: 6 11 16 21 34 45 
387회차 로또번호: 2 8 19 20 28 30 
388회차 로또번호: 2 8 10 33 40 43 
389회차 로또번호: 1 8 17 38 43 44 
390회차 로또번호: 2 11 23 29 31 34 
391회차 로또번호: 8 10 23 27 33 36 
392회차 로또번호: 8 15 19 22 28 30 
393회차 로또번호: 5 18 20 21 23 29 
394회차 로또번호: 6 7 9 14 38 40 
395회차 로또번호: 15 17 20 21 22 36 
396회차 로또번호: 4 18 19 24 28 37 
397회차 로또번호: 10 16 34 40 42 44 
398회차 로또번호: 3 15 16 29 40 42 
399회차 로또번호: 1 8 23 34 36 37 
400회차 로또번호: 3 23 26 27 39 43 
401회차 로또번호: 12 20 27 32 37 45 
402회차 로또번호: 1 2 7 19 23 30 
403회차 로또번호: 10 15 20 28 30 41 
404회차 로또번호: 3 14 21 22 32 38 
405회차 로또번호: 7 12 35 37 38 39 
406회차 로또번호: 7 9 21 22 32 42 
407회차 로또번호: 11 14 15 20 26 32 
408회차 로또번호: 13 15 18 29 33 38 
409회차 로또번호: 5 6 14 39 42 45 
410회차 로또번호: 8 12 25 28 30 33 
411회차 로또번호: 11 12 15 20 29 37 
412회차 로또번호: 2 6 13 16 21 35 
413회차 로또번호: 5 17 19 31 32 45 
414회차 로또번호: 6 11 13 18 21 32 
415회차 로또번호: 2 7 10 15 32 36 
416회차 로또번호: 3 21 25 35 42 44 
417회차 로또번호: 3 25 28 35 36 40 
418회차 로또번호: 7 8 17 18 35 37 
419회차 로또번호: 6 16 19 30 37 43 
420회차 로또번호: 9 13 17 18 24 43 
421회차 로또번호: 2 4 6 16 30 33 
422회차 로또번호: 11 16 28 32 39 44 
423회차 로또번호: 3 13 26 29 43 45 
424회차 로또번호: 8 14 15 19 31 40 
425회차 로또번호: 3 8 14 19 25 45 
426회차 로또번호: 5 7 13 15 38 40 
427회차 로또번호: 5 7 21 25 26 33 
428회차 로또번호: 14 25 26 36 41 44 
429회차 로또번호: 9 13 16 23 25 44 
430회차 로또번호: 12 14 25 35 38 45 
431회차 로또번호: 5 7 17 21 22 41 
432회차 로또번호: 4 5 8 21 31 37 
433회차 로또번호: 8 10 11 38 40 41 
434회차 로또번호: 3 17 21 28 39 41 
435회차 로또번호: 9 10 13 18 20 44 
436회차 로또번호: 1 11 15 31 34 40 
437회차 로또번호: 3 11 26 27 29 33 
438회차 로또번호: 10 19 21 36 37 39 
439회차 로또번호: 9 10 13 25 34 43 
440회차 로또번호: 6 29 41 43 44 45 
441회차 로또번호: 4 5 14 16 31 41 
442회차 로또번호: 7 9 15 20 38 40 
443회차 로또번호: 1 10 23 24 37 44 
444회차 로또번호: 14 31 32 33 36 43 
445회차 로또번호: 4 8 10 11 42 45 
446회차 로또번호: 11 20 22 24 34 39 
447회차 로또번호: 15 18 20 22 38 43 
448회차 로또번호: 3 8 11 14 19 30 
449회차 로또번호: 6 16 17 25 30 37 
450회차 로또번호: 12 16 24 28 29 36 
451회차 로또번호: 8 16 20 23 28 43 
452회차 로또번호: 6 11 21 31 36 43 
453회차 로또번호: 15 17 20 30 31 42 
454회차 로또번호: 3 14 15 24 26 36 
455회차 로또번호: 9 11 23 31 34 43 
456회차 로또번호: 3 14 15 29 32 41 
457회차 로또번호: 7 10 20 21 22 39 
458회차 로또번호: 6 21 28 35 42 44 
459회차 로또번호: 7 11 23 36 39 40 
460회차 로또번호: 6 14 16 20 22 23 
461회차 로또번호: 1 4 5 9 10 17 
462회차 로또번호: 16 21 26 28 37 38 
463회차 로또번호: 4 16 23 28 31 41 
464회차 로또번호: 1 6 8 20 31 38 
465회차 로또번호: 7 16 19 21 25 42 
466회차 로또번호: 1 18 22 26 32 40 
467회차 로또번호: 2 7 16 21 23 39 
468회차 로또번호: 6 10 20 22 25 36 
469회차 로또번호: 4 9 11 16 34 45 
470회차 로또번호: 4 8 17 21 25 45 
471회차 로또번호: 6 17 31 36 42 44 
472회차 로또번호: 13 20 23 27 28 44 
473회차 로또번호: 3 5 12 13 14 16 
474회차 로또번호: 4 23 31 32 37 40 
475회차 로또번호: 7 14 21 24 37 43 
476회차 로또번호: 7 16 20 37 44 45 
477회차 로또번호: 18 20 28 31 35 39 
478회차 로또번호: 10 12 19 20 26 34 
479회차 로또번호: 15 17 22 28 32 36 
480회차 로또번호: 2 18 20 23 31 39 
481회차 로또번호: 11 17 27 30 34 41 
482회차 로또번호: 2 8 24 30 31 36 
483회차 로또번호: 5 7 15 17 21 34 
484회차 로또번호: 11 20 21 32 35 38 
485회차 로또번호: 5 21 22 25 27 45 
486회차 로또번호: 20 26 34 37 41 42 
487회차 로또번호: 3 16 19 23 25 32 
488회차 로또번호: 9 11 19 20 24 27 
489회차 로또번호: 2 7 15 17 29 34 
490회차 로또번호: 6 7 11 15 17 43 
491회차 로또번호: 5 10 15 24 26 44 
492회차 로또번호: 20 21 24 29 40 45 
493회차 로또번호: 16 18 19 26 33 38 
494회차 로또번호: 11 15 16 19 27 45 
495회차 로또번호: 1 4 15 21 35 36 
496회차 로또번호: 1 11 12 26 37 42 
497회차 로또번호: 2 12 23 24 37 42 
498회차 로또번호: 2 6 10 15 23 43 
499회차 로또번호: 3 5 14 19 36 38 
500회차 로또번호: 20 24 25 27 36 40 
501회차 로또번호: 5 6 17 21 31 39 
502회차 로또번호: 10 24 25 33 35 43 
503회차 로또번호: 4 18 20 37 38 45 
504회차 로또번호: 2 5 11 24 33 39 
505회차 로또번호: 14 16 19 20 33 39 
506회차 로또번호: 20 29 38 43 44 45 
507회차 로또번호: 4 9 11 12 32 39 
508회차 로또번호: 10 19 23 30 32 40 
509회차 로또번호: 2 8 11 16 26 45 
510회차 로또번호: 8 10 16 17 33 43 
511회차 로또번호: 5 6 24 41 43 45 
512회차 로또번호: 3 14 15 18 22 43 
513회차 로또번호: 2 5 16 27 42 45 
514회차 로또번호: 2 3 13 20 23 44 
515회차 로또번호: 3 15 17 28 30 43 
516회차 로또번호: 1 5 7 18 34 45 
517회차 로또번호: 1 12 30 34 38 44 
518회차 로또번호: 5 9 13 14 15 42 
519회차 로또번호: 12 19 21 23 27 38 
520회차 로또번호: 1 2 16 20 21 31 
521회차 로또번호: 9 14 20 25 38 39 
522회차 로또번호: 8 10 16 37 41 44 
523회차 로또번호: 18 23 25 31 35 43 
524회차 로또번호: 10 16 26 27 32 33 
525회차 로또번호: 8 16 20 21 27 35 
526회차 로또번호: 29 32 35 37 39 43 
527회차 로또번호: 1 9 20 23 32 35 
528회차 로또번호: 8 15 18 22 33 40 
529회차 로또번호: 8 17 22 29 30 38 
530회차 로또번호: 10 12 17 30 34 45 
531회차 로또번호: 2 4 22 23 35 44 
532회차 로또번호: 30 33 36 39 43 44 
533회차 로또번호: 12 20 21 23 25 36 
534회차 로또번호: 6 12 18 23 31 34 
535회차 로또번호: 6 12 23 24 35 45 
536회차 로또번호: 16 18 19 23 43 45 
537회차 로또번호: 2 7 11 12 25 35 
538회차 로또번호: 1 3 12 15 24 32 
539회차 로또번호: 2 10 15 21 33 44 
540회차 로또번호: 2 15 29 31 32 38 
541회차 로또번호: 24 29 32 33 39 42 
542회차 로또번호: 3 37 38 39 40 43 
543회차 로또번호: 1 3 11 22 42 44 
544회차 로또번호: 4 8 25 34 38 45 
545회차 로또번호: 13 15 20 42 44 45 
546회차 로또번호: 3 7 28 30 40 45 
547회차 로또번호: 18 21 26 28 34 45 
548회차 로또번호: 2 9 15 22 37 43 
549회차 로또번호: 4 20 21 34 44 45 
550회차 로또번호: 1 9 19 28 30 39 
551회차 로또번호: 11 26 27 29 39 45 
552회차 로또번호: 2 9 15 27 41 42 
553회차 로또번호: 6 18 25 31 35 40 
554회차 로또번호: 8 18 19 25 31 32 
555회차 로또번호: 7 8 25 27 30 31 
556회차 로또번호: 5 18 22 30 39 40 
557회차 로또번호: 16 27 34 36 44 45 
558회차 로또번호: 4 22 33 34 38 39 
559회차 로또번호: 1 9 22 24 28 31 
560회차 로또번호: 5 17 20 37 41 43 
561회차 로또번호: 7 8 10 14 31 40 
562회차 로또번호: 2 3 5 12 17 39 
563회차 로또번호: 6 17 18 31 36 39 
564회차 로또번호: 7 13 22 28 32 43 
565회차 로또번호: 2 12 15 21 42 44 
566회차 로또번호: 2 6 11 19 26 29 
567회차 로또번호: 1 9 27 30 41 42 
568회차 로또번호: 3 7 19 34 36 40 
569회차 로또번호: 2 11 14 33 43 45 
570회차 로또번호: 1 12 14 27 28 41 
571회차 로또번호: 2 23 25 30 41 45 
572회차 로또번호: 4 13 16 17 26 27 
573회차 로또번호: 5 10 21 33 34 37 
574회차 로또번호: 2 12 26 29 30 33 
575회차 로또번호: 3 4 8 18 36 39 
576회차 로또번호: 5 6 14 16 21 24 
577회차 로또번호: 16 24 28 30 36 37 
578회차 로또번호: 3 10 25 30 34 45 
579회차 로또번호: 8 28 29 30 31 36 
580회차 로또번호: 3 26 30 39 42 44 
581회차 로또번호: 5 16 19 30 31 39 
582회차 로또번호: 5 24 40 42 43 44 
583회차 로또번호: 4 8 11 38 40 44 
584회차 로또번호: 14 19 31 33 40 41 
585회차 로또번호: 1 6 7 29 34 42 
586회차 로또번호: 5 8 17 22 33 44 
587회차 로또번호: 3 19 23 25 30 38 
588회차 로또번호: 8 15 16 17 23 41 
589회차 로또번호: 1 8 18 20 29 34 
590회차 로또번호: 2 5 9 15 32 45 
591회차 로또번호: 4 9 15 24 25 34 
592회차 로또번호: 1 19 21 29 32 41 
593회차 로또번호: 11 29 32 36 44 45 
594회차 로또번호: 3 4 5 20 21 45 
595회차 로또번호: 3 5 20 30 43 44 
596회차 로또번호: 2 4 7 12 33 41 
597회차 로또번호: 2 14 17 31 32 34 
598회차 로또번호: 27 30 34 37 39 40 
599회차 로또번호: 12 20 31 32 34 42 
600회차 로또번호: 8 10 17 18 32 34 
한번에 생성한 로또 숫자 조합: 500개
---------------------------------------
